0.05215480297790261
0.05203408259766973
0.04550586237459519
0.04541788063330883
0.04134441756408371
0.04111648475774724
0.037894048181423966
0.03746911347285047
0.03527907518299891
0.0344228273593794
0.0328055456241484
0.031665630115808654
0.0303389309877136
0.029123733801399095
0.027892726138417923
0.02670640763521775
0.02554029288972506
0.02440145688786872
0.023287436286486676
0.022199620152752536
0.021137476972391565
0.020100956972805242
0.01909015787173168
0.018105153058984462
0.01714605768714099
0.01621294477680365
0.01530598775858153
0.014425319859274312
0.013571137897030279
0.01274360669012805
0.01194294165019998
0.011169330615955075
0.010422993741091294
0.009704124226751714
0.009012930892442171
0.008349593265838777
0.00771429209308311
0.007107176710847776
0.006528382812420724
0.005978001425133448
0.005456080511887898
0.004962597555994501
0.0044974629932421125
0.004060513646283388
0.003651527063312036
0.003270221619905228
0.002916255261656239
0.0025892050094802345
0.002288542502720011
0.0020136059797367404
0.0017635817553577743
0.0015374973191699494
0.0013342284496764658
0.0011525183080087211
0.000991004236546036
0.0008482496979566369
0.0007227763709309268
0.000613095650373251
0.0005177360458571699
0.00043526731339495195
